decision_label=1,right_side=5,consistency=0.8,cutoff=5,unique_cover=2	test_Rutten{}.csv

[103, 17, 93, 30, 9, 26, 4, 89, 45, 32]
['selfexpress==1 & aknowledge==1', 'meltingpot==1 & aknowledge==1', 'sknowledge==1 & aknowledge==1']
 {1, 2, 3, 6, 7, 11, 12, 16, 18, 19, 20, 21, 22, 23, 24, 25, 27, 28, 29, 34, 35, 36, 38, 39, 40, 41, 42, 43, 44, 47, 48, 50, 51, 52, 54, 55, 56, 57, 58, 59, 60, 61, 62, 63, 64, 65, 68, 75, 80, 86, 90, 91, 92, 94, 95, 96, 98, 99} 58
consistency = 0.8405797101449275 and coverage = 0.725

[16, 80, 92, 2, 66, 51, 54, 90, 95, 49]
['selfexpress==1 & aknowledge==1', 'sknowledge==1 & aknowledge==1', 'meltingpot==1 & ecdiversity==1'] 
{1, 3, 4, 6, 7, 11, 12, 17, 18, 19, 20, 21, 22, 23, 24, 25, 26, 27, 28, 29, 30, 32, 34, 35, 36, 38, 39, 40, 41, 42, 43, 44, 45, 47, 48, 50, 52, 55, 56, 57, 58, 59, 60, 61, 62, 63, 64, 65, 68, 75, 76, 81, 82, 83, 84, 85, 86, 88, 89, 91, 93, 94, 96, 97, 98, 99} 66
consistency = 0.8461538461538461 and coverage = 0.8148148148148148

[61, 28, 89, 13, 92, 65, 30, 45, 32, 5]
['selfexpress==1 & aknowledge==1', 'sknowledge==1 & aknowledge==1', 'meltingpot==1 & aknowledge==1'] 
{1, 2, 3, 4, 6, 7, 11, 12, 16, 17, 18, 19, 20, 21, 22, 23, 24, 25, 26, 27, 29, 34, 35, 36, 38, 39, 40, 41, 42, 43, 44, 47, 48, 50, 51, 52, 54, 55, 56, 57, 58, 59, 60, 62, 63, 64, 68, 75, 80, 86, 90, 91, 94, 95, 96, 98, 99} 57
consistency = 0.8382352941176471 and coverage = 0.7125

[100, 107, 88, 74, 65, 25, 9, 64, 96, 104]
['selfexpress==1 & aknowledge==1', 'ecdiversity==1 & aknowledge==1', 'sknowledge==1 & aknowledge==1', 'meltingpot==1 & ecdiversity==1']
 {0, 1, 2, 3, 4, 5, 6, 7, 11, 12, 16, 17, 18, 19, 20, 21, 22, 23, 24, 26, 27, 28, 29, 30, 32, 34, 35, 36, 38, 39, 40, 41, 42, 43, 44, 45, 47, 48, 50, 51, 52, 53, 54, 55, 56, 57, 58, 59, 60, 61, 62, 63, 68, 75, 76, 80, 81, 82, 83, 84, 85, 86, 89, 90, 91, 92, 93, 94, 95, 97, 98, 99} 72
consistency = 0.8674698795180723 and coverage = 0.8780487804878049

[67, 85, 56, 19, 8, 92, 48, 71, 79, 61]
['selfexpress==1 & aknowledge==1', 'ecdiversity==1 & aknowledge==1', 'sknowledge==1 & aknowledge==1', 'meltingpot==1 & ecdiversity==1'] 
{0, 1, 2, 3, 4, 5, 6, 7, 11, 12, 16, 17, 18, 20, 21, 22, 23, 24, 25, 26, 27, 28, 29, 30, 32, 34, 35, 36, 38, 39, 40, 41, 42, 43, 44, 45, 47, 50, 51, 52, 53, 54, 55, 57, 58, 59, 60, 62, 63, 64, 65, 68, 75, 76, 80, 81, 82, 83, 84, 86, 88, 89, 90, 91, 93, 94, 95, 96, 97, 98, 99} 71
consistency = 0.8658536585365854 and coverage = 0.8658536585365854

[42, 4, 101, 93, 55, 11, 30, 35, 22, 67]
['selfexpress==1 & aknowledge==1', 'meltingpot==1 & aknowledge==1', 'sknowledge==1 & aknowledge==1'] 
{1, 2, 3, 6, 7, 12, 16, 17, 18, 19, 20, 21, 23, 24, 25, 26, 27, 28, 29, 32, 34, 36, 38, 39, 40, 41, 43, 44, 45, 47, 48, 50, 51, 52, 54, 56, 57, 58, 59, 60, 61, 62, 63, 64, 65, 68, 75, 80, 86, 89, 90, 91, 92, 94, 95, 96, 98, 99} 58
consistency = 0.8405797101449275 and coverage = 0.725

[69, 101, 31, 67, 54, 23, 70, 27, 58, 3]
['selfexpress==1 & aknowledge==1', 'ecdiversity==1 & aknowledge==1', 'sknowledge==1 & aknowledge==1', 'meltingpot==1 & ecdiversity==1'] 
{0, 1, 2, 4, 5, 6, 7, 11, 12, 16, 17, 18, 19, 20, 21, 22, 24, 25, 26, 28, 29, 30, 32, 34, 35, 36, 38, 39, 40, 41, 42, 43, 44, 45, 47, 48, 50, 51, 52, 53, 55, 56, 57, 59, 60, 61, 62, 63, 64, 65, 68, 75, 76, 80, 81, 82, 83, 84, 85, 86, 88, 89, 90, 91, 92, 93, 94, 
95, 96, 97, 98, 99} 72
consistency = 0.8780487804878049 and coverage = 0.8674698795180723

[9, 94, 26, 49, 61, 39, 30, 69, 29, 84]
['selfexpress==1 & aknowledge==1', 'ecdiversity==1 & aknowledge==1', 'sknowledge==1 & aknowledge==1'] 
{0, 1, 2, 3, 4, 5, 6, 7, 11, 12, 16, 17, 18, 19, 20, 21, 22, 23, 24, 25, 27, 28, 32, 34, 35, 36, 
38, 40, 41, 42, 43, 44, 45, 47, 48, 50, 51, 52, 53, 54, 55, 56, 57, 58, 59, 60, 62, 63, 64, 65, 68, 75, 80, 86, 89, 90, 91, 92, 95, 96, 98, 99} 62
consistency = 0.8493150684931506 and coverage = 0.7560975609756098

[91, 36, 0, 39, 81, 55, 18, 43, 93, 37]
['selfexpress==1 & aknowledge==1', 'meltingpot==1 & aknowledge==1', 'sknowledge==1 & aknowledge==1']
 {1, 2, 3, 4, 6, 7, 11, 12, 16, 17, 19, 20, 21, 22, 23, 24, 25, 26, 27, 28, 29, 30, 32, 34, 35, 38, 40, 41, 42, 44, 45, 47, 48, 50, 51, 52, 54, 56, 57, 58, 59, 60, 61, 62, 63, 64, 65, 68, 75, 80, 86, 89, 90, 92, 94, 95, 96, 98, 99} 59
consistency = 0.8428571428571429 and coverage = 0.7375

[104, 98, 68, 19, 103, 91, 9, 62, 58, 43]
['selfexpress==1 & aknowledge==1', 'ecdiversity==1 & aknowledge==1', 'sknowledge==1 & aknowledge==1', 'meltingpot==1 & ecdiversity==1'] 
{0, 1, 2, 3, 4, 5, 6, 7, 11, 12, 16, 17, 18, 20, 21, 22, 23, 24, 25, 26, 27, 28, 29, 30, 32, 34, 35, 36, 38, 39, 40, 41, 42, 44, 45, 47, 48, 50, 51, 52, 53, 54, 55, 56, 57, 59, 60, 61, 63, 64, 65, 75, 76, 80, 81, 82, 83, 84, 85, 86, 88, 89, 90, 92, 93, 94, 95, 96, 97, 99} 70
consistency = 0.8536585365853658 and coverage = 0.8641975308641975






there are 1 candidate rules
consistency=0.85,cutoff=5
['meltingpot==1 & sknowledge==1']
 {11, 16, 17, 18, 19, 20, 21, 24, 25, 26, 27, 29, 30, 32, 34, 35, 38, 39, 40, 41, 42, 43, 44, 45, 59, 60, 63, 64, 65, 89, 90, 94, 95, 97} 34
consistency = 0.85 and coverage = 0.38202247191011235

consistency=0.85,cutoff=2
['meltingpot==1 & sknowledge==1'] 
{11, 16, 17, 18, 19, 20, 21, 24, 25, 26, 27, 29, 30, 32, 34, 35, 38, 39, 40, 41, 42, 43, 44, 45, 59, 60, 63, 64, 65, 89, 90, 94, 95, 97} 34
consistency = 0.85 and coverage = 0.38202247191011235



consistency=0.8,cutoff=5
['selfexpress==1 & aknowledge==1', 'sknowledge==1 & aknowledge==1', 'meltingpot==1 & ecdiversity==1'] 
{1, 2, 3, 4, 6, 7, 11, 12, 16, 17, 18, 19, 20, 21, 22, 23, 24, 25, 26, 27, 28, 29, 30, 32, 34, 35, 36, 38, 39, 40, 41, 42, 43, 44, 45, 47, 48, 50, 51, 52, 54, 55, 56, 57, 58, 59, 60, 61, 62, 63, 64, 65, 68, 75, 76, 80, 81, 82, 83, 84, 85, 86, 88, 89, 90, 91, 92, 93, 94, 95, 96, 97, 98, 99} 74   
consistency = 0.8505747126436781 and coverage = 0.8314606741573034

consistency=0.8,cutoff=4
['selfexpress==1 & aknowledge==1', 'sknowledge==1 & aknowledge==1', 'meltingpot==1 & ecdiversity==1'] 
{1, 2, 3, 4, 6, 7, 11, 12, 16, 17, 18, 19, 20, 21, 22, 23, 24, 25, 26, 27, 28, 29, 30, 32, 34, 35, 36, 38, 39, 40, 41, 42, 43, 44, 45, 47, 48, 50, 51, 52, 54, 55, 56, 57, 58, 59, 60, 61, 62, 63, 64, 65, 68, 75, 76, 80, 81, 82, 83, 84, 85, 86, 88, 89, 90, 91, 92, 93, 94, 95, 96, 97, 98, 99} 74   
consistency = 0.8505747126436781 and coverage = 0.8314606741573034

consistency=0.8,cutoff=3
['selfexpress==1 & aknowledge==1', 'sknowledge==1 & aknowledge==1', 'meltingpot==1 & ecdiversity==1'] 
{1, 2, 3, 4, 6, 7, 11, 12, 16, 17, 18, 19, 20, 21, 22, 23, 24, 25, 26, 27, 28, 29, 30, 32, 34, 35, 36, 38, 39, 40, 41, 42, 43, 44, 45, 47, 48, 50, 51, 52, 54, 55, 56, 57, 58, 59, 60, 61, 62, 63, 64, 65, 68, 75, 76, 80, 81, 82, 83, 84, 85, 86, 88, 89, 90, 91, 92, 93, 94, 95, 96, 97, 98, 99} 74   
consistency = 0.8505747126436781 and coverage = 0.8314606741573034

consistency=0.8,cutoff=2
['selfexpress==1 & aknowledge==1', 'sknowledge==1 & aknowledge==1', 'meltingpot==1 & ecdiversity==1'] 
{1, 2, 3, 4, 6, 7, 11, 12, 16, 17, 18, 19, 20, 21, 22, 23, 24, 25, 26, 27, 28, 29, 30, 32, 34, 35, 36, 38, 39, 40, 41, 42, 43, 44, 45, 47, 48, 50, 51, 52, 54, 55, 56, 57, 58, 59, 60, 61, 62, 63, 64, 65, 68, 75, 76, 80, 81, 82, 83, 84, 85, 86, 88, 89, 90, 91, 92, 93, 94, 95, 96, 97, 98, 99} 74   
consistency = 0.8505747126436781 and coverage = 0.8314606741573034



consistency=0.75,cutoff=5
['selfexpress==1 & aknowledge==1', 'ecdiversity==1 & aknowledge==1', 'sknowledge==1 & aknowledge==1', 'meltingpot==1 & ecdiversity==1'] 
{0, 1, 2, 3, 4, 5, 6, 7, 11, 12, 16, 17, 18, 19, 20, 21, 22, 23, 24, 25, 26, 27, 28, 29, 30, 32, 34, 35, 36, 38, 39, 40, 41, 42, 43, 44, 45, 47, 48, 50, 51, 52, 53, 54, 55, 56, 57, 58, 59, 60, 61, 62, 63, 64, 65, 68, 75, 76, 80, 81, 82, 83, 84, 85, 86, 88, 89, 90, 91, 92, 93, 94, 95, 96, 97, 98, 99} 77
consistency = 0.8461538461538461 and coverage = 0.8651685393258427

consistency=0.75,cutoff=4
['selfexpress==1 & aknowledge==1', 'ecdiversity==1 & aknowledge==1', 'sknowledge==1 & aknowledge==1', 'meltingpot==1 & ecdiversity==1'] 
{0, 1, 2, 3, 4, 5, 6, 7, 11, 12, 16, 17, 18, 19, 20, 21, 22, 23, 24, 25, 26, 27, 28, 29, 30, 32, 34, 35, 36, 38, 39, 40, 41, 42, 43, 44, 45, 47, 48, 50, 51, 52, 53, 54, 55, 56, 57, 58, 59, 60, 61, 62, 63, 64, 65, 68, 75, 76, 80, 81, 82, 83, 84, 85, 86, 88, 89, 90, 91, 92, 93, 94, 95, 96, 97, 98, 99} 77
consistency = 0.8461538461538461 and coverage = 0.8651685393258427

consistency=0.75,cutoff=3
['selfexpress==1 & aknowledge==1', 'ecdiversity==1 & aknowledge==1', 'sknowledge==1 & aknowledge==1', 'meltingpot==1 & ecdiversity==1']
 {0, 1, 2, 3, 4, 5, 6, 7, 11, 12, 16, 17, 18, 19, 20, 21, 22, 23, 24, 25, 26, 27, 28, 29, 30, 32, 34, 35, 36, 38, 39, 40, 41, 42, 43, 44, 45, 47, 48, 50, 51, 52, 53, 54, 55, 56, 57, 58, 59, 60, 61, 62, 63, 64, 65, 68, 75, 76, 80, 81, 82, 83, 84, 85, 86, 88, 89, 90, 91, 92, 93, 94, 95, 96, 97, 98, 99} 77
consistency = 0.8461538461538461 and coverage = 0.8651685393258427

consistency=0.75,cutoff=2
['selfexpress==1 & aknowledge==1', 'ecdiversity==1 & aknowledge==1', 'sknowledge==1 & aknowledge==1', 'meltingpot==1 & ecdiversity==1'] 
{0, 1, 2, 3, 4, 5, 6, 7, 11, 12, 16, 17, 18, 19, 20, 21, 22, 23, 24, 25, 26, 27, 28, 29, 30, 32, 34, 35, 36, 38, 39, 40, 41, 42, 43, 44, 45, 47, 48, 50, 51, 52, 53, 54, 55, 56, 57, 58, 59, 60, 61, 62, 63, 64, 65, 68, 75, 76, 80, 81, 82, 83, 84, 85, 86, 88, 89, 90, 91, 92, 93, 94, 95, 96, 97, 98, 99} 77
consistency = 0.8461538461538461 and coverage = 0.8651685393258427



consistency=0.7,cutoff=5
['selfexpress==1 & aknowledge==1', 'ecdiversity==1 & aknowledge==1', 'sknowledge==1 & aknowledge==1', 'meltingpot==1 & ecdiversity==1'] 
{0, 1, 2, 3, 4, 5, 6, 7, 11, 12, 16, 17, 18, 19, 20, 21, 22, 23, 24, 25, 26, 27, 28, 29, 30, 32, 34, 35, 36, 38, 39, 40, 41, 42, 43, 44, 45, 47, 48, 50, 51, 52, 53, 54, 55, 56, 57, 58, 59, 60, 61, 62, 63, 64, 65, 68, 75, 76, 80, 81, 82, 83, 84, 85, 86, 88, 89, 90, 91, 92, 93, 94, 95, 96, 97, 98, 99} 77
consistency = 0.8461538461538461 and coverage = 0.8651685393258427

consistency=0.7,cutoff=2
['selfexpress==1 & aknowledge==1', 'ecdiversity==1 & aknowledge==1', 'sknowledge==1 & aknowledge==1', 'meltingpot==1 & ecdiversity==1'] 
{0, 1, 2, 3, 4, 5, 6, 7, 11, 12, 16, 17, 18, 19, 20, 21, 22, 23, 24, 25, 26, 27, 28, 29, 30, 32, 34, 35, 36, 38, 39, 40, 41, 42, 43, 44, 45, 47, 48, 50, 51, 52, 53, 54, 55, 56, 57, 58, 59, 60, 61, 62, 63, 64, 65, 68, 75, 76, 80, 81, 82, 83, 84, 85, 86, 88, 89, 90, 91, 92, 93, 94, 95, 96, 97, 98, 99} 77
consistency = 0.8461538461538461 and coverage = 0.8651685393258427
